100
93
47 67 74 26 28 37 27 13 9 59 77 68 31 30 35 41 79 11 37 25 83 36 69 41 92 18 62 45 90 65 65 82 83 14 62 47 1 2 81 8 36 37 67 61 77 65 64 49 15 71 42 82 61 35 32 51 35 29 52 49 82 62 3 93 79 43 17 59 2 70 82 69 72 73 23 13 28 7 13 86 89 9 71 88 25 65 16 85 17 60 38 77 7
91
54 20 9 91 36 80 34 42 1 75 85 7 44 52 8 38 19 14 19 43 22 89 28 11 64 54 84 68 10 56 33 91 86 19 5 49 12 83 23 59 36 36 42 27 32 22 51 77 45 58 63 86 82 30 27 76 5 3 79 77 20 5 18 71 56 6 70 8 78 11 79 74 79 91 91 16 47 33 14 18 82 34 11 43 63 15 8 36 21 15 79
90
90 90 89 87 86 86 85 84 82 81 80 80 80 79 79 76 76 76 76 76 73 73 70 69 68 65 65 64 64 62 62 61 61 61 60 59 58 58 57 57 56 56 54 54 51 50 49 48 48 47 47 44 41 40 40 38 37 37 36 35 33 31 31 30 28 27 27 27 23 22 21 21 21 18 13 13 12 10 9 8 7 6 5 5 2 2 1 1 1 1
91
28 88 30 21 25 89 68 75 63 51 67 65 49 32 1 85 46 15 80 74 56 8 86 34 5 48 41 78 29 72 62 13 79 9 43 91 14 12 45 10 4 38 71 20 64 33 70 23 55 81 77 87 84 36 42 83 7 73 17 26 59 39 60 6 35 19 66 47 37 40 54 69 58 11 3 61 90 82 31 27 18 2 44 53 57 24 76 16 22 50 52
96
29 14 13 22 20 64 12 8 8 15 19 54 57 8 70 61 12 28 9 66 41 33 8 43 27 15 16 3 19 36 52 26 38 64 73 67 74 42 42 53 61 73 20 75 30 43 75 4 82 65 84 3 64 65 57 16 54 3 8 53 34 37 84 65 89 39 51 9 51 16 30 2 77 7 20 72 70 90 87 59 66 26 77 29 74 29 32 85 42 59 31 46 82 18 27 56
94
24 58 20 34 51 80 19 53 94 5 17 4 40 24 78 20 80 56 46 13 32 63 54 39 66 81 42 52 6 11 52 91 60 21 32 44 67 16 82 85 4 7 93 23 26 43 10 71 64 89 2 83 48 40 59 14 54 46 5 7 12 21 18 45 57 1 75 1 10 63 83 69 42 27 1 47 29 70 87 47 47 89 69 9 47 72 48 17 1 83 81 70 17 69
100
95 94 94 94 94 94 93 92 92 91 90 89 88 88 87 87 86 83 81 81 80 78 76 76 75 72 71 70 69 69 68 68 66 64 63 62 62 61 61 57 57 57 56 55 54 51 48 48 46 44 43 42 41 41 41 37 36 36 35 32 30 29 28 28 27 27 26 25 23 22 21 19 19 17 17 17 17 17 16 16 16 16 15 15 14 13 12 12 12 11 11 10 8 7 6 6 5 5 2 1
97
47 74 92 66 58 11 64 43 20 37 52 16 19 31 71 42 16 74 76 84 82 62 17 72 53 38 69 78 14 84 47 14 51 80 27 50 65 22 49 89 60 60 64 50 18 23 15 35 63 95 97 24 30 52 73 17 69 28 79 78 54 33 22 25 91 92 59 94 85 58 93 24 28 92 4 18 69 63 37 43 25 37 44 29 21 41 52 95 36 19 18 50 72 38 88 40 41
95
65 19 80 74 88 27 60 71 25 6 21 23 55 72 66 36 57 92 88 10 21 78 89 75 6 27 16 31 2 12 91 54 86 37 88 24 49 7 50 68 61 70 56 92 21 27 78 8 42 45 20 34 34 54 78 91 74 41 70 74 11 27 63 17 50 89 91 67 72 5 6 21 13 83 10 70 63 36 12 69 41 50 78 80 27 5 71 31 73 10 86 12 42 38 44
92
80 4 64 79 79 33 90 3 69 19 18 28 25 82 64 38 76 3 75 89 15 82 14 10 82 46 76 32 24 29 43 39 33 69 9 84 30 28 26 63 77 80 27 56 18 92 47 83 59 82 4 12 85 12 39 91 76 75 49 33 35 26 66 65 14 83 50 92 78 17 87 10 77 13 49 26 59 1 78 18 78 68 58 73 35 35 19 79 46 18 46 32
97
48 34 20 65 23 59 7 34 62 85 69 23 77 46 6 51 8 31 74 39 48 82 83 90 67 90 18 42 72 6 63 60 12 56 2 63 12 94 18 44 37 9 75 37 97 50 55 19 24 28 32 77 59 48 79 82 12 19 96 38 79 14 83 86 23 54 63 42 25 62 64 31 57 92 26 52 60 45 66 11 7 91 47 9 17 34 14 68 63 73 85 70 1 6 62 7 19
95
86 24 61 37 42 83 12 85 10 90 72 89 31 72 17 54 88 11 41 74 88 43 34 69 86 77 8 50 90 92 52 23 90 90 16 53 7 49 21 16 15 11 5 30 27 69 60 21 34 43 18 4 7 37 37 58 14 45 86 2 63 53 73 85 69 25 86 80 15 31 23 18 48 66 90 19 91 72 13 41 57 14 4 24 34 57 4 62 86 65 18 39 70 19 36
95
95 94 94 93 93 92 91 91 91 90 90 90 88 87 85 85 84 83 83 82 82 81 81 81 79 78 76 75 75 75 73 73 72 69 66 65 64 61 60 59 59 58 58 54 53 52 52 51 49 46 45 43 43 43 43 39 38 38 34 34 32 31 31 31 30 30 30 29 26 26 25 24 22 21 19 18 18 16 15 15 12 12 11 10 10 8 8 5 5 4 3 3 3 2 1
90
69 22 12 30 41 73 13 10 25 48 51 4 45 23 37 81 23 43 64 83 63 29 5 53 27 45 56 45 64 80 69 47 2 83 17 46 76 31 28 88 35 52 41 14 9 62 6 21 64 34 4 55 55 55 65 89 90 14 16 17 81 41 85 83 6 60 12 72 64 5 9 36 75 90 52 52 65 53 47 9 62 57 21 72 39 73 54 85 65 9
91
32 66 44 17 73 73 78 9 73 26 30 86 12 57 72 87 52 53 27 26 5 64 35 53 55 90 24 30 15 31 89 28 65 90 21 83 19 47 77 89 81 58 29 53 25 68 27 86 20 16 28 40 23 23 85 59 65 62 25 68 80 4 44 27 73 71 47 30 44 81 91 10 16 41 34 75 24 58 37 31 75 91 30 9 67 5 39 67 90 14 28
90
87 87 27 54 16 86 48 61 4 19 85 6 46 27 65 15 73 34 46 33 59 7 52 12 60 49 14 60 90 30 80 27 6 77 64 84 41 58 55 65 56 13 8 10 13 78 64 83 28 29 20 69 66 86 24 62 78 36 50 14 79 80 65 88 88 69 66 41 9 63 53 18 60 24 62 43 85 83 13 15 28 14 9 52 82 12 71 22 8 72
92
92 92 92 91 90 87 87 86 85 83 82 80 79 79 79 79 77 77 76 76 76 74 71 70 70 69 68 68 67 67 67 66 66 66 65 63 62 61 60 58 57 57 57 53 53 53 52 51 51 50 49 49 46 46 44 43 42 42 42 40 40 39 39 36 36 36 35 34 31 31 29 27 27 24 23 22 21 19 19 18 17 14 12 10 10 8 8 6 5 5 4 2
93
16 48 63 41 66 1 7 18 25 19 69 7 5 75 82 89 7 81 81 81 93 74 41 83 57 30 90 85 18 80 34 73 65 26 29 47 58 30 52 30 64 41 72 38 9 34 82 81 9 89 12 1 57 11 83 42 47 49 16 7 58 91 44 40 76 11 45 66 75 21 63 73 46 63 24 93 66 82 24 65 13 32 32 45 33 93 79 50 7 35 46 75 53
100
53 30 54 87 96 69 66 13 49 16 42 3 100 63 42 11 15 46 35 6 71 50 4 58 53 41 28 39 65 69 74 61 18 2 69 24 96 3 53 41 32 9 60 18 40 48 5 70 53 100 45 58 35 85 64 61 28 11 93 61 85 11 3 7 88 76 49 95 8 39 11 42 72 80 59 31 16 3 93 39 43 88 75 72 51 26 77 94 44 84 30 89 69 59 77 52 73 33 69 69
97
96 12 9 66 11 79 74 35 72 65 16 63 71 62 73 20 90 13 46 43 81 23 15 56 26 77 36 97 19 33 3 41 4 55 14 87 75 47 70 10 54 80 67 93 51 83 2 31 5 6 32 84 39 30 57 34 78 76 88 38 60 44 25 61 8 29 82 50 1 92 52 69 49 37 48 27 24 42 18 59 94 53 89 58 68 28 40 95 64 17 85 86 21 45 22 91 7
97
70 84 28 89 40 45 14 24 60 87 50 21 91 64 6 7 86 3 37 1 47 95 96 38 26 19 63 81 25 35 16 97 51 66 9 72 5 18 68 73 85 32 22 75 92 94 44 48 74 61 2 39 52 78 4 58 31 46 93 10 82 8 42 69 11 57 15 23 33 67 59 80 65 13 88 76 79 49 83 53 90 55 17 56 27 20 71 30 34 54 29 43 12 62 41 36 77
95
92 90 89 89 85 85 84 83 83 82 82 80 80 80 79 79 79 79 78 78 77 77 77 77 77 77 74 73 73 69 69 68 66 64 62 62 62 61 61 61 59 57 56 55 55 53 52 48 46 46 44 43 42 42 39 38 37 37 36 36 35 34 33 33 33 32 27 27 27 26 25 24 24 22 22 21 19 18 17 16 14 14 11 11 11 10 10 7 7 6 6 5 3 2 1
94
78 89 24 74 61 87 44 94 80 93 12 77 6 60 26 33 19 19 66 21 61 31 17 80 26 8 78 24 89 72 41 42 27 83 60 76 79 47 57 9 38 87 7 8 4 70 16 61 25 57 49 25 91 5 82 83 52 22 42 5 72 74 50 42 69 79 46 24 56 44 15 92 79 3 27 1 18 19 65 89 44 27 20 50 52 48 77 92 40 92 89 58 24 63
90
41 78 16 41 52 61 49 31 77 30 32 3 15 45 26 68 53 67 54 66 53 20 77 69 24 17 47 19 8 67 61 52 49 5 53 28 11 43 5 72 57 83 44 65 60 38 53 48 35 1 31 67 68 21 5 23 51 37 13 21 5 43 65 16 68 51 84 45 4 44 39 70 84 80 37 88 12 7 79 29 24 73 4 47 53 25 77 56 83 10
91
30 46 31 65 62 22 43 80 40 3 37 48 66 56 85 82 44 1 2 34 89 67 91 64 8 49 16 77 18 5 36 9 10 90 57 71 33 60 12 61 75 54 86 78 55 53 79 17 58 11 39 87 15 73 14 35 69 50 72 4 32 13 42 27 21 63 51 45 83 70 88 59 28 47 84 26 20 74 23 76 38 81 29 6 41 7 68 25 24 52 19
94
46 52 72 61 19 46 3 85 19 32 1 52 29 46 62 38 22 21 40 61 89 61 13 74 61 27 85 4 87 88 19 49 14 86 92 22 83 72 47 47 49 4 86 77 72 48 23 56 93 13 16 53 45 9 94 78 86 36 73 11 50 15 55 45 24 9 15 84 92 42 52 33 68 3 4 13 26 35 58 28 5 39 1 17 63 3 58 26 6 67 40 9 82 88
100
44 53 54 67 2 36 47 62 43 56 31 69 43 28 65 40 59 97 23 23 14 89 25 90 35 88 70 65 72 38 32 13 50 94 32 25 30 66 20 61 2 81 60 15 42 11 50 82 8 45 89 81 36 62 6 94 100 11 42 24 77 97 37 95 37 81 55 40 31 34 89 27 2 51 40 79 66 57 83 6 36 7 12 38 71 82 83 48 46 45 39 29 3 14 26 36 99 78 69 98
90
48 8 40 41 52 78 13 4 20 85 43 41 1 72 44 22 73 86 69 50 65 9 17 86 42 25 52 6 80 7 12 42 60 78 31 90 12 26 14 52 10 21 56 62 48 17 86 32 78 56 87 27 18 12 46 34 33 34 80 44 76 78 57 36 14 18 10 30 45 90 90 54 41 58 45 85 5 71 8 84 21 63 38 82 26 84 62 6 87 58
95
38 2 45 29 12 51 5 27 55 63 67 90 95 85 84 78 20 4 82 89 24 24 55 40 62 46 55 39 91 85 17 77 51 67 21 51 13 74 75 25 90 13 81 29 84 49 57 34 45 2 65 27 31 36 40 66 10 77 62 28 71 70 64 11 35 9 36 3 28 87 53 27 76 28 31 1 30 53 18 27 7 57 89 43 36 84 6 54 61 89 34 4 51 92 49
95
45 38 15 48 74 46 17 77 26 35 37 64 42 39 14 81 80 58 46 32 58 94 83 26 15 83 74 93 26 31 92 61 12 70 32 76 91 27 31 24 4 72 51 46 60 76 10 14 70 89 59 41 78 74 29 82 18 44 17 48 32 11 85 5 77 30 90 43 54 75 22 70 30 87 47 59 36 60 60 40 62 88 13 30 75 58 46 66 9 58 48 29 89 62 95
97
97 96 93 92 91 90 88 87 87 87 86 86 86 86 85 84 83 83 83 83 82 80 79 79 78 78 76 76 74 73 72 71 69 69 66 66 64 64 63 63 63 60 60 60 58 58 58 57 57 57 55 55 53 52 52 49 49 46 46 44 40 40 39 38 38 37 37 36 33 32 32 32 28 28 27 24 23 20 20 18 17 16 14 14 13 13 13 11 8 7 7 5 4 4 3 1 1
99
55 57 99 86 78 44 18 4 77 64 63 30 75 22 29 12 42 27 7 59 34 85 50 90 62 35 56 24 80 69 91 66 40 33 26 87 17 79 19 60 20 93 15 54 67 71 98 28 70 45 5 95 53 8 25 9 72 84 37 10 51 11 68 89 38 76 14 43 3 16 41 81 13 39 31 23 83 88 21 58 74 6 97 73 82 61 32 65 96 94 92 46 52 2 1 48 47 49 36
99
99 98 98 97 95 95 95 95 94 94 94 92 90 87 87 86 85 84 83 81 81 78 78 75 74 73 72 71 70 69 68 67 66 66 66 65 64 64 64 63 62 62 61 58 58 56 55 54 53 53 52 52 50 49 49 48 47 46 45 43 41 40 38 37 36 34 33 32 32 31 31 29 29 29 28 28 27 25 24 22 22 22 21 20 20 20 18 18 17 17 13 12 11 9 9 5 3 2 1
92
39 60 75 47 14 70 8 56 82 29 1 63 62 47 12 41 19 62 10 33 70 76 91 25 88 48 2 74 66 59 63 88 61 80 31 72 59 49 84 81 88 63 2 8 18 74 59 11 45 91 36 69 12 48 26 68 90 59 82 86 82 12 21 22 11 82 72 60 13 82 17 84 86 88 44 75 25 48 67 92 11 50 43 44 29 91 49 26 28 9 54 45
94
94 93 93 92 92 91 91 91 90 89 87 86 84 82 80 77 76 76 75 75 73 73 73 72 70 70 68 68 65 65 64 64 63 62 62 62 60 57 57 56 55 55 54 54 52 52 51 51 50 44 44 43 41 36 36 36 35 32 30 29 28 27 26 26 25 24 23 23 22 19 18 18 18 17 17 16 15 14 13 13 12 11 11 10 9 8 8 7 7 6 3 2 2 1
96
96 94 94 93 93 88 87 86 85 83 82 82 82 82 81 81 80 79 79 77 76 75 73 73 72 71 71 70 68 67 66 65 65 61 59 59 58 57 56 56 55 54 54 53 52 52 51 51 50 50 46 44 43 42 42 42 42 42 40 36 36 34 33 33 33 32 31 31 30 27 26 25 24 18 17 17 17 16 14 13 13 13 13 12 12 12 10 9 9 9 7 7 4 4 1 1
90
62 53 45 73 3 22 64 73 54 2 89 45 74 45 68 16 72 8 39 72 5 37 15 72 64 57 80 39 71 4 82 1 56 38 16 26 32 26 8 33 47 54 53 63 40 27 51 21 3 68 58 65 9 37 79 52 64 7 68 57 89 31 23 60 74 72 52 47 9 88 42 87 17 76 79 7 25 30 49 38 86 56 66 68 24 45 81 84 5 1
92
62 87 75 58 34 31 14 37 79 1 53 19 67 78 84 83 33 7 35 71 72 43 18 28 50 69 38 66 86 10 22 40 56 9 17 11 73 42 15 5 90 55 85 4 6 47 39 16 32 52 80 45 21 8 68 63 91 23 92 76 77 70 46 41 81 65 20 26 54 36 88 3 82 51 44 61 13 25 24 12 74 29 49 27 57 64 48 2 30 59 60 89
95
95 93 92 91 89 89 89 87 86 85 84 83 82 82 81 79 79 77 77 76 75 73 73 73 71 70 69 69 67 66 66 64 64 64 63 60 60 59 58 57 57 56 51 50 49 48 48 46 45 44 43 43 41 41 41 40 37 36 36 35 34 33 33 33 32 27 27 26 25 24 22 21 19 17 17 17 17 15 15 13 13 12 9 9 9 8 7 7 4 4 4 3 3 2 1
93
93 93 91 91 90 89 87 87 87 85 85 84 83 82 82 80 79 79 79 79 79 78 77 77 76 73 72 71 70 70 70 69 67 66 66 64 63 62 62 61 61 60 59 57 57 56 56 56 53 52 50 49 48 47 46 46 43 42 42 39 38 36 35 35 32 32 30 30 27 26 26 25 23 18 18 15 15 15 13 13 13 10 10 10 9 8 8 7 5 4 4 2 1
90
26 41 61 64 53 78 86 25 53 35 28 80 50 15 34 36 73 37 75 31 48 52 9 85 18 19 15 54 6 90 13 46 19 79 77 49 82 64 40 3 15 89 24 69 76 87 39 29 56 90 73 65 23 74 20 39 19 36 70 23 35 63 68 55 58 11 75 4 8 71 68 41 67 49 76 49 16 15 38 47 58 48 86 40 15 54 25 67 69 44
100
29 62 88 22 57 100 7 18 66 86 64 27 33 43 34 49 92 82 80 25 1 79 20 70 67 56 65 54 8 10 39 71 46 50 78 12 74 30 13 21 3 44 31 4 90 19 95 69 84 89 26 40 32 91 5 98 28 60 94 35 73 97 93 61 47 77 15 16 45 36 85 24 81 41 14 37 23 48 83 58 6 51 68 38 52 75 87 55 76 59 42 99 96 9 11 63 53 17 2 72
94
91 40 18 61 51 66 82 31 94 87 10 62 7 24 25 89 93 17 16 69 43 74 42 9 41 57 70 54 63 67 21 92 26 49 39 52 85 38 27 2 28 13 77 48 50 55 8 4 88 14 33 84 20 71 79 34 59 37 64 19 1 90 3 86 12 46 73 32 47 23 15 53 81 78 60 58 83 35 11 22 75 76 29 5 56 80 6 30 44 45 65 68 72 36
90
2 83 50 43 87 40 30 60 27 15 33 85 20 88 35 3 75 87 79 35 63 23 14 48 82 33 55 64 87 5 61 1 17 82 29 9 86 21 50 15 67 37 10 75 78 79 17 13 9 63 25 15 40 19 49 52 19 23 46 58 54 27 71 69 29 25 9 11 38 25 82 21 8 75 85 45 88 85 56 15 65 68 52 3 1 21 67 30 21 46
97
97 96 95 94 93 92 91 90 89 88 87 86 85 84 83 82 81 80 79 78 77 76 75 74 73 72 71 70 69 68 67 66 65 64 63 62 61 60 59 58 57 56 55 54 53 52 51 50 49 48 47 46 45 44 43 42 41 40 39 38 37 36 35 34 33 32 31 30 29 28 27 26 25 24 23 22 21 20 19 18 17 16 15 14 13 12 11 10 9 8 7 6 5 4 3 2 1
93
93 92 91 90 89 88 87 86 85 84 83 82 81 80 79 78 77 76 75 74 73 72 71 70 69 68 67 66 65 64 63 62 61 60 59 58 57 56 55 54 53 52 51 50 49 48 47 46 45 44 43 42 41 40 39 38 37 36 35 34 33 32 31 30 29 28 27 26 25 24 23 22 21 20 19 18 17 16 15 14 13 12 11 10 9 8 7 6 5 4 3 2 1
97
97 96 95 94 93 92 91 90 89 88 87 86 85 84 83 82 81 80 79 78 77 76 75 74 73 72 71 70 69 68 67 66 65 64 63 62 61 60 59 58 57 56 55 54 53 52 51 50 49 48 47 46 45 44 43 42 41 40 39 38 37 36 35 34 33 32 31 30 29 28 27 26 25 24 23 22 21 20 19 18 17 16 15 14 13 12 11 10 9 8 7 6 5 4 3 2 1
96
36 34 41 61 42 7 74 13 51 39 84 88 63 23 77 69 82 5 57 91 15 14 72 92 73 24 55 8 58 32 18 90 83 67 75 62 11 29 80 60 9 28 78 85 12 93 52 56 66 68 50 44 16 86 4 45 59 43 27 54 87 22 6 71 38 20 64 89 3 35 19 21 37 48 1 31 2 95 65 33 25 10 47 30 17 76 81 79 40 49 70 94 26 96 53 46
92
14 29 88 80 51 82 23 29 41 6 41 25 44 40 6 86 74 34 77 9 55 3 24 41 38 7 59 15 62 67 2 31 82 62 34 17 10 77 72 29 71 87 22 21 78 42 37 81 14 12 5 46 78 39 32 12 36 50 15 54 29 89 2 78 78 29 89 42 32 2 10 40 46 83 8 58 9 85 23 83 39 77 17 1 41 33 87 65 63 47 10 30
99
93 94 23 99 91 65 59 27 36 37 43 30 87 43 26 18 16 65 2 15 75 86 36 62 29 18 16 49 24 34 23 60 88 64 96 74 88 80 19 49 10 38 80 31 15 7 9 79 10 70 99 78 74 59 40 72 56 32 8 3 86 7 54 50 54 21 62 82 83 46 61 87 29 3 74 56 76 53 31 36 1 93 97 72 47 50 14 31 58 78 78 49 44 79 57 10 24 50 20
94
94 93 93 93 91 88 87 83 80 80 79 79 79 78 78 77 76 74 74 73 73 73 73 72 69 69 69 68 66 62 62 61 59 58 58 57 56 56 56 55 54 52 51 50 49 48 48 46 46 46 45 44 43 42 41 41 41 40 39 38 37 37 35 34 34 34 33 31 30 30 29 27 26 22 19 18 18 18 16 15 14 13 12 12 8 8 7 7 6 6 5 5 4 2
99
32 16 11 37 41 71 5 10 83 31 55 56 67 98 64 26 48 50 70 8 77 17 64 47 77 69 70 6 65 59 25 42 20 15 68 50 42 95 37 35 45 93 45 99 51 21 49 82 77 23 88 87 52 99 14 54 95 73 6 91 6 86 26 36 68 6 95 18 4 79 22 59 67 51 18 75 88 95 54 70 26 33 10 53 67 61 90 67 22 88 77 93 18 11 64 73 42 52 45
90
68 46 42 32 82 27 40 51 20 3 15 30 27 17 88 64 46 80 25 53 70 10 78 65 18 20 6 14 76 38 17 87 87 84 55 77 66 6 88 15 4 50 55 26 86 14 28 35 3 49 63 63 23 86 29 42 76 80 13 62 75 27 79 37 53 73 75 16 21 87 49 59 70 87 80 79 32 30 75 75 53 47 22 17 15 87 65 3 72 89
96
66 70 8 25 94 3 1 91 55 75 47 18 7 68 77 86 73 24 57 2 93 50 85 85 72 37 7 82 49 36 57 1 38 11 57 76 21 53 90 3 51 3 18 56 57 60 90 36 65 39 17 64 77 50 26 77 33 79 57 76 68 82 57 7 3 20 73 70 78 19 26 59 89 79 35 55 60 47 30 82 20 26 8 71 96 63 4 53 4 77 25 95 73 27 15 77
92
92 90 89 89 87 85 82 81 81 81 80 79 78 78 77 76 73 73 72 70 69 68 67 66 65 65 62 61 60 60 59 59 56 55 55 54 53 51 50 49 48 46 46 45 45 45 44 42 42 40 39 38 38 36 34 33 33 32 31 29 29 28 28 27 27 27 26 24 24 24 24 23 22 18 18 18 18 17 16 14 12 11 11 10 10 6 6 5 4 4 4 3
96
96 94 93 93 92 92 92 91 91 91 89 88 88 86 85 84 84 82 81 80 77 77 77 76 75 74 74 72 71 69 69 67 66 65 64 59 56 56 55 55 54 53 53 52 47 47 47 47 46 45 44 44 42 42 41 41 41 40 38 37 36 36 35 34 34 30 30 30 29 28 28 27 23 22 21 20 20 20 19 18 18 18 18 16 13 12 11 9 8 7 7 7 5 4 2 1
97
52 68 75 86 45 34 67 76 27 16 60 48 58 36 15 10 60 79 76 46 48 97 34 75 38 29 63 59 43 82 40 96 49 50 77 65 26 49 72 44 58 27 21 66 71 83 27 90 61 50 63 1 43 9 70 28 74 13 47 83 41 14 21 32 82 9 96 56 75 51 37 65 42 76 67 62 7 32 18 61 30 18 43 52 11 39 12 64 63 93 27 79 13 86 70 27 89
95
68 13 51 95 49 22 58 38 80 93 64 88 43 56 2 62 21 92 91 78 75 57 89 94 33 73 74 86 60 28 5 76 15 27 23 44 41 85 7 39 82 1 26 48 20 10 67 40 69 83 14 71 65 19 12 37 18 81 31 66 72 79 61 45 53 46 52 29 50 4 6 16 35 77 11 90 54 24 32 70 9 47 3 55 25 84 8 30 34 36 42 59 87 63 17
96
76 12 46 74 57 64 49 39 69 6 55 11 4 94 58 95 60 28 77 59 13 92 35 23 65 83 37 86 53 52 41 14 26 7 40 27 68 75 31 29 33 16 42 50 80 10 43 15 78 5 89 2 9 84 56 51 3 93 19 24 36 72 81 63 67 30 34 88 21 38 44 82 54 8 90 25 45 32 20 96 85 79 18 48 17 66 91 73 47 1 87 71 62 22 61 70
94
89 10 12 30 83 13 67 33 82 80 51 19 11 81 24 60 33 93 31 5 42 30 27 29 30 39 20 9 9 94 20 58 44 32 64 89 92 90 87 86 19 40 40 9 12 2 21 80 88 61 20 81 94 17 7 1 86 71 63 40 69 69 23 31 89 5 38 79 19 51 46 34 45 85 90 14 61 15 53 92 20 74 85 46 73 81 12 80 84 83 90 44 20 40
96
83 26 4 10 51 74 79 79 64 36 83 64 85 90 37 29 67 56 78 56 13 88 12 87 74 11 17 86 71 87 67 67 2 52 59 33 16 46 6 5 55 70 7 60 85 17 19 67 87 23 19 77 3 53 69 65 15 28 60 58 39 80 28 37 43 9 30 38 78 85 18 51 88 84 88 23 5 27 70 17 37 18 5 18 58 86 84 35 92 55 68 29 56 91 26 46
100
11 86 31 99 72 35 97 18 38 99 68 66 6 31 32 93 79 30 86 60 51 67 74 65 83 99 30 69 39 64 57 50 75 38 73 10 85 98 50 26 23 82 64 64 46 75 57 42 6 87 21 93 75 79 80 51 96 62 80 73 83 20 80 2 30 28 58 86 64 79 5 3 56 63 56 75 41 36 2 44 37 78 19 27 15 77 21 70 25 63 93 47 30 50 54 18 88 24 58 67
96
1 93 20 67 40 16 54 77 84 95 34 89 67 81 47 86 71 32 10 73 38 28 81 43 57 6 88 41 45 85 40 34 5 20 27 13 85 66 34 16 73 80 31 10 92 71 43 42 1 96 17 21 62 41 81 68 44 39 94 3 56 14 64 52 69 75 83 74 8 91 70 14 75 49 30 30 74 52 48 9 57 94 74 20 91 94 10 24 76 87 37 65 25 63 2 80
93
17 8 16 29 77 93 54 7 86 22 20 24 74 22 54 72 9 41 42 11 5 52 34 13 32 88 8 5 86 76 11 61 80 48 37 15 73 13 42 24 93 30 70 18 31 31 33 59 67 13 4 70 23 11 73 90 87 57 5 67 12 69 35 53 9 13 19 54 72 93 14 54 15 82 78 6 77 53 11 41 63 19 26 8 34 59 58 21 24 6 3 24 62
92
12 88 28 30 52 7 28 92 11 11 44 5 61 38 36 29 32 14 34 20 48 67 12 18 21 21 42 65 72 47 69 35 25 89 89 65 70 39 52 68 91 4 57 8 61 24 59 68 51 1 83 92 16 10 41 79 11 44 55 9 37 8 68 6 82 59 54 33 56 89 41 30 31 49 10 49 51 35 52 41 54 46 11 41 87 30 12 26 56 24 91 87
91
33 58 16 17 86 74 4 26 61 54 71 49 49 32 57 22 26 24 84 34 78 62 80 39 60 88 73 38 59 77 74 12 61 72 70 82 57 76 91 20 25 63 59 82 22 87 18 83 75 67 19 51 1 19 60 70 25 90 41 12 79 25 42 48 5 55 52 26 48 77 60 41 77 79 27 24 61 74 73 86 81 7 35 64 78 1 70 86 28 27 57
97
23 8 12 60 11 22 77 34 78 77 32 86 76 89 22 51 65 4 93 5 53 74 92 24 16 12 31 49 47 11 89 89 70 31 96 96 74 36 1 28 30 68 1 23 86 70 30 53 88 37 52 3 54 31 96 61 88 34 57 36 66 13 11 38 33 25 78 66 9 33 76 63 96 7 63 69 91 58 34 42 77 23 27 51 13 26 69 67 58 73 25 90 23 62 43 34 62
91
37 58 82 33 53 90 75 27 22 89 67 62 56 45 2 42 5 91 48 13 63 60 79 2 48 22 40 21 37 90 16 37 44 36 62 65 73 86 48 10 19 29 17 56 28 75 14 63 51 35 67 17 89 64 54 54 41 59 82 46 31 76 68 75 24 58 59 20 22 52 56 86 4 86 79 2 48 44 3 69 47 67 44 51 91 87 60 9 30 70 69
97
97 96 94 93 93 91 91 91 89 89 88 87 87 86 83 82 81 81 81 80 79 79 77 77 74 73 73 72 72 72 71 70 65 63 63 62 62 61 61 59 58 57 53 53 50 46 46 44 42 42 41 41 40 39 39 38 38 38 36 35 34 31 29 28 26 25 25 24 23 20 20 19 17 17 17 16 16 15 14 13 13 12 12 12 11 10 9 8 6 6 5 4 4 4 3 2 2
98
41 84 30 21 23 16 4 15 88 58 77 26 94 61 67 70 79 76 35 56 25 30 83 16 74 9 69 34 82 29 93 28 89 77 61 62 7 97 9 45 80 40 15 66 7 97 27 68 83 71 59 29 29 9 55 39 49 98 66 97 69 68 94 48 18 50 95 53 43 37 90 5 44 33 61 80 64 56 3 19 83 83 12 11 44 9 98 14 93 91 74 15 76 95 79 22 58 42
100
87 45 7 52 90 29 20 51 71 64 41 41 91 26 1 89 22 34 6 48 73 6 11 95 93 34 54 73 19 5 7 43 38 28 7 98 16 85 1 68 61 26 73 64 65 47 8 45 62 56 53 43 33 32 8 61 5 23 77 32 11 93 53 63 64 36 30 29 29 67 6 31 41 77 72 47 23 50 50 74 62 98 8 22 47 20 40 73 31 13 4 12 30 98 67 45 61 62 8 50
91
38 88 81 56 45 15 89 67 18 74 26 75 88 28 27 21 54 33 62 2 9 25 21 46 53 15 21 20 20 48 55 80 46 73 30 58 56 5 52 45 44 36 30 3 4 47 71 8 24 69 91 57 30 4 15 23 2 53 28 20 61 87 53 88 45 19 45 30 63 50 39 74 16 76 26 65 48 60 46 19 17 19 72 49 31 65 47 53 76 29 62
98
98 97 97 97 96 95 95 94 93 92 92 92 90 89 88 88 87 86 86 86 86 84 84 82 79 78 77 75 74 73 73 71 70 68 67 67 66 65 64 63 62 62 61 56 55 54 54 53 53 51 48 47 46 44 43 42 42 41 36 36 36 35 34 33 33 33 32 30 29 28 27 27 27 24 24 22 20 18 18 17 16 16 14 14 13 12 11 11 8 7 7 6 5 5 4 4 3 3
97
58 47 21 75 31 8 55 15 30 15 73 55 64 72 18 1 52 70 66 83 24 12 16 26 8 53 43 53 93 71 49 22 33 15 2 27 51 73 43 90 16 79 68 57 63 29 79 35 67 64 94 7 27 50 45 18 35 12 28 8 96 64 16 65 13 32 56 2 58 59 6 94 85 85 3 52 80 64 36 9 71 19 71 45 94 32 89 55 4 41 8 84 94 43 95 44 75
91
72 39 68 52 82 21 36 12 77 52 85 21 11 39 4 78 31 88 2 76 74 72 8 27 39 71 32 88 87 52 87 41 66 83 68 39 16 30 12 73 23 86 71 87 28 71 40 45 53 28 42 70 58 15 61 9 42 42 12 83 33 24 66 69 19 38 37 46 48 90 73 81 11 29 34 83 51 11 75 49 4 49 39 81 13 58 34 52 57 76 74
94
13 90 50 45 17 58 81 90 56 1 45 94 42 42 89 66 11 90 80 92 87 72 2 52 46 40 30 12 12 63 74 68 26 44 54 20 68 16 21 48 24 54 9 35 94 27 27 52 2 7 35 31 48 89 88 86 32 92 31 56 34 63 3 94 77 61 3 88 89 64 77 94 79 59 85 69 18 54 2 31 14 55 6 34 52 21 87 63 41 23 20 73 27 90
93
59 24 74 68 68 18 68 18 38 56 74 32 6 22 55 65 76 54 65 47 32 37 26 73 84 90 46 19 28 15 90 15 57 71 84 36 36 71 55 21 42 67 91 73 77 8 19 47 82 35 40 3 42 15 58 79 66 79 88 65 43 29 32 79 13 14 51 37 19 41 77 56 83 33 78 30 3 70 54 36 88 45 53 46 60 48 57 12 17 18 86 85 38
100
26 18 88 92 24 16 30 56 4 62 32 51 42 78 2 74 49 82 5 6 68 11 81 17 44 8 59 53 31 61 22 98 55 58 12 40 48 60 15 70 95 35 27 89 50 38 9 94 97 79 25 91 21 90 37 36 20 13 29 71 43 23 96 75 3 33 28 39 65 72 73 41 69 47 57 46 77 80 45 84 63 54 10 64 7 66 85 76 52 93 87 86 1 100 99 34 14 19 83 67
93
49 41 49 68 44 53 86 62 39 40 6 72 5 42 74 19 35 82 15 41 73 46 13 47 21 37 33 84 53 59 51 43 33 56 35 14 44 36 24 17 71 10 72 51 30 49 24 50 41 18 46 25 56 32 76 78 23 64 37 42 19 16 60 78 87 85 10 61 74 37 30 69 79 93 64 47 28 22 67 49 42 18 25 53 90 47 24 71 49 85 84 83 40
98
85 48 60 45 66 33 50 79 74 58 75 68 93 97 47 96 9 65 12 5 88 6 95 72 2 81 94 67 63 1 90 22 86 11 7 20 21 13 69 55 92 4 78 32 84 52 53 35 31 28 77 14 38 27 54 17 98 89 16 76 3 51 80 41 82 49 71 15 73 64 39 24 56 29 59 37 8 43 83 91 26 62 25 87 42 18 46 57 34 10 30 70 36 44 40 23 61 19
95
94 91 91 89 89 89 89 88 87 85 85 83 83 81 80 80 79 79 78 77 74 73 72 71 70 70 69 69 68 65 65 64 64 63 62 62 61 61 61 60 58 57 55 54 54 53 52 50 49 48 48 48 48 45 45 45 45 43 37 36 35 34 33 33 32 32 31 27 26 26 24 22 22 21 20 20 18 16 13 12 11 10 9 9 9 5 5 4 4 4 3 3 2 1 1
96
95 23 39 22 40 3 36 45 39 83 96 57 19 56 76 54 22 55 13 82 17 38 61 15 24 85 74 5 50 2 86 29 90 35 85 87 1 65 50 69 41 23 10 46 11 55 47 12 82 5 6 78 62 90 41 23 67 2 39 61 71 62 95 43 7 67 72 63 82 90 12 76 44 30 41 25 13 65 47 33 64 39 4 18 5 40 35 46 15 51 88 76 70 38 38 55
96
46 29 14 20 35 81 8 61 28 56 86 44 21 95 92 72 28 4 82 73 52 28 38 95 83 45 25 74 35 21 61 31 36 1 61 42 41 55 85 70 55 77 86 39 41 79 4 48 14 93 87 29 9 74 29 91 16 62 86 43 79 21 55 67 66 30 72 12 94 93 38 5 72 10 34 62 60 16 95 30 72 14 56 94 78 89 56 44 70 56 64 9 89 39 68 11
92
44 30 82 50 41 73 33 16 39 38 62 2 58 68 58 71 5 18 46 73 75 2 56 76 13 71 10 57 57 75 53 15 41 54 19 61 26 29 5 14 30 59 34 16 86 72 18 54 44 13 80 30 18 57 89 40 6 44 31 40 12 46 22 28 27 72 58 59 88 76 46 20 9 64 7 25 20 19 28 72 65 51 12 38 15 32 35 27 84 40 16 75
95
41 27 30 51 8 43 75 87 50 28 65 80 94 81 15 45 19 71 79 21 64 24 92 25 49 13 76 5 11 83 57 61 89 4 48 3 42 55 72 53 95 82 93 26 77 18 90 29 59 46 68 20 16 47 37 23 7 38 39 35 33 86 17 62 88 69 85 36 78 67 70 9 31 58 66 56 2 73 91 74 14 34 54 12 40 44 10 22 60 84 1 32 6 63 52
91
91 90 89 88 87 86 85 84 83 82 81 80 79 78 77 76 75 74 73 72 71 70 69 68 67 66 65 64 63 62 61 60 59 58 57 56 55 54 53 52 51 50 49 48 47 46 45 44 43 42 41 40 39 38 37 36 35 34 33 32 31 30 29 28 27 26 25 24 23 22 21 20 19 18 17 16 15 14 13 12 11 10 9 8 7 6 5 4 3 2 1
95
94 92 92 91 91 87 83 83 81 81 79 79 79 76 69 69 68 68 68 67 67 66 64 63 61 60 57 56 56 54 54 53 52 52 51 50 48 46 45 45 45 43 42 41 41 41 40 38 38 38 37 37 36 36 34 34 34 34 34 33 31 31 30 30 29 28 28 27 27 26 25 24 24 24 21 20 20 20 19 19 18 17 15 10 7 7 7 6 6 6 4 4 3 1 1
100
35 4 37 91 84 81 59 33 60 87 91 54 34 86 87 2 9 98 59 91 14 26 57 34 94 14 27 39 65 26 68 64 72 52 23 22 67 95 26 60 92 38 16 18 22 45 20 35 27 93 100 43 63 50 51 22 70 36 31 51 54 23 16 86 15 54 95 95 58 1 12 36 18 55 60 87 65 97 56 66 96 13 76 56 71 40 72 71 63 44 43 85 71 58 15 33 94 1 31 21
99
51 50 55 9 60 51 66 3 91 70 12 87 94 16 57 57 47 76 36 67 57 40 51 10 24 43 78 26 67 72 42 66 73 73 1 25 81 86 70 76 44 95 19 93 20 64 61 92 91 20 39 99 46 29 63 28 74 50 37 3 92 45 34 91 50 87 76 51 74 68 61 83 73 99 18 97 5 86 9 42 80 38 44 86 14 30 6 92 93 21 52 55 91 78 38 93 6 20 93
98
98 98 98 96 96 96 95 94 94 93 92 89 85 85 85 85 84 83 83 83 83 82 81 81 81 79 79 77 77 77 74 73 73 72 71 70 68 66 65 65 63 63 62 62 62 61 60 59 59 58 58 57 56 54 52 51 50 50 48 48 48 47 47 46 43 40 40 40 40 38 37 35 35 33 31 26 24 22 22 18 18 17 17 16 12 10 10 9 6 6 6 5 3 3 2 1 1 1
92
72 52 39 73 70 84 46 48 81 22 85 76 77 91 1 56 72 56 83 49 68 43 35 32 91 19 29 3 74 19 91 8 22 35 5 4 5 11 56 65 87 38 32 57 3 64 2 65 69 52 39 47 63 75 46 84 21 3 58 70 63 69 6 63 39 24 59 5 56 71 77 76 52 47 74 55 7 78 46 39 18 1 26 62 49 24 21 66 82 17 6 39
92
44 36 1 91 27 22 28 26 52 61 21 72 22 39 82 42 43 23 32 64 87 51 54 39 40 66 27 81 45 3 72 12 14 3 48 47 14 11 35 54 22 73 36 69 43 74 83 72 47 74 83 33 4 28 45 49 4 33 7 47 60 5 14 73 29 43 21 2 6 88 51 77 44 55 45 25 44 48 89 18 29 89 48 86 51 72 29 6 21 32 60 57
92
92 91 90 89 88 87 86 85 84 83 82 81 80 79 78 77 76 75 74 73 72 71 70 69 68 67 66 65 64 63 62 61 60 59 58 57 56 55 54 53 52 51 50 49 48 47 46 45 44 43 42 41 40 39 38 37 36 35 34 33 32 31 30 29 28 27 26 25 24 23 22 21 20 19 18 17 16 15 14 13 12 11 10 9 8 7 6 5 4 3 2 1
91
11 6 54 27 9 3 58 32 86 28 60 76 50 61 44 31 10 66 38 9 56 41 14 6 16 91 20 14 76 46 45 26 88 90 15 19 27 39 71 66 72 4 1 73 41 6 32 53 88 31 65 2 70 15 32 12 20 47 46 56 5 75 18 49 18 26 75 52 62 12 16 28 23 37 32 74 8 66 25 85 90 80 29 75 83 31 23 77 32 65 68
97
93 10 80 40 50 44 42 41 46 93 67 92 31 28 64 41 85 79 74 25 91 59 83 12 97 21 41 51 43 42 23 19 24 28 87 57 72 64 57 64 83 48 44 20 88 12 70 63 56 43 34 51 95 94 13 87 66 61 95 74 54 96 22 67 68 47 52 18 57 79 58 27 74 58 67 29 88 78 37 32 96 38 78 91 50 8 40 43 56 60 46 38 45 71 78 65 3
100
100 99 98 97 96 95 94 93 92 91 90 89 88 87 86 85 84 83 82 81 80 79 78 77 76 75 74 73 72 71 70 69 68 67 66 65 64 63 62 61 60 59 58 57 56 55 54 53 52 51 50 49 48 47 46 45 44 43 42 41 40 39 38 37 36 35 34 33 32 31 30 29 28 27 26 25 24 23 22 21 20 19 18 17 16 15 14 13 12 11 10 9 8 7 6 5 4 3 2 1
100
100 2 3 4 5 6 7 8 9 10 11 12 13 14 15 16 17 18 19 20 21 22 23 24 25 26 27 28 29 30 31 32 33 34 35 36 37 38 39 40 41 42 43 44 45 46 47 48 49 50 51 52 53 54 55 56 57 58 59 60 61 62 63 64 65 66 67 68 69 70 71 72 73 74 75 76 77 78 79 80 81 82 83 84 85 86 87 88 89 90 91 92 93 94 95 96 97 98 99 99
100
100 15 15 15 15 15 15 15 15 15 15 15 15 15 15 15 15 15 15 15 15 15 15 15 15 15 15 15 15 15 15 15 15 15 15 15 15 15 15 15 15 15 15 15 15 15 15 15 15 15 33 15 15 15 15 15 15 15 15 15 15 15 15 15 15 15 15 15 15 15 15 15 15 15 15 15 15 15 15 15 15 15 15 15 15 15 15 15 15 15 15 15 15 15 15 15 15 15 15 50
100
100 69 69 69 69 69 69 69 69 69 69 69 69 69 69 69 69 69 69 69 69 69 69 69 69 69 69 69 69 69 69 69 69 33 69 69 69 69 69 69 69 69 69 69 69 69 69 69 69 69 69 69 69 69 69 69 69 69 69 69 69 69 69 69 69 69 25 69 69 69 69 69 69 69 69 69 69 69 69 69 69 69 69 69 69 69 69 69 69 69 69 69 69 69 69 69 69 69 69 50
100
100 14 98 14 96 14 94 14 92 14 90 14 88 14 86 14 84 14 82 14 80 14 78 14 76 14 74 14 72 14 70 14 68 14 66 14 64 14 62 14 60 14 58 14 56 14 54 14 52 14 50 14 48 14 46 14 44 14 42 14 40 14 38 14 36 14 34 14 32 14 30 14 28 14 26 14 24 14 22 14 20 14 18 14 16 14 14 14 12 14 10 14 8 14 6 14 4 14 2 14
